10076
5123
28052
20283
24313
12719
32368
31185
11734
29761
29430
6323
18832
19002
14529
10973
18841
4110
15027
4928
3702
26351
24106
20200
2020
15643
14252
7850
18715
10467
28907
23060
29941
6899
32146
4269
26818
21202
29019
5750
13243
17396
19421
9570
28951
17738
12738
23596
24339
32034
23948
11225
27953
27040
6051
28346
6150
24999
13381
9934
16492
3264
9715
3795
17002
25415
19807
16918
21307
30438
7288
8422
28369
24197
3145
13541
18567
11463
16015
8829
18999
3337
21410
24022
5060
20658
1393
29918
17362
15170
9798
21939
17362
15170
9798
21939
6571
22255
874
12829
7572
4566
3652
11028
